{
 "cells": [
  {
   "cell_type": "code",
   "execution_count": 2,
   "metadata": {
    "collapsed": false
   },
   "outputs": [
   ],
   "source": [
    "import pandas as pd\n",
    "import seaborn as sns\n",
    "import plotly.express as px"
   ]
  },
  {
   "cell_type": "code",
   "execution_count": 3,
   "metadata": {
    "collapsed": false
   },
   "outputs": [
   ],
   "source": [
    "df = pd.read_csv(\"~/Project/data/emissions_dataset.csv\")"
   ]
  },
  {
   "cell_type": "code",
   "execution_count": 4,
   "metadata": {
    "collapsed": false
   },
   "outputs": [
    {
     "name": "stdout",
     "output_type": "stream",
     "text": [
      "<class 'pandas.core.frame.DataFrame'>\n",
      "RangeIndex: 1290 entries, 0 to 1289\n",
      "Data columns (total 18 columns):\n",
      " #   Column                         Non-Null Count  Dtype  \n",
      "---  ------                         --------------  -----  \n",
      " 0   Greenhouse Gas Emissions       1290 non-null   float64\n",
      " 1   Country                        1290 non-null   object \n",
      " 2   Year                           1290 non-null   int64  \n",
      " 3   Hard Coal Production           451 non-null    float64\n",
      " 4   Natural Gas Production         747 non-null    float64\n",
      " 5   Crude Oil Production           724 non-null    float64\n",
      " 6   Motor Gasoline Production      879 non-null    float64\n",
      " 7   Gas Oil/Diesel Oil Production  879 non-null    float64\n",
      " 8   Hard Coal Import               1015 non-null   float64\n",
      " 9   Natural Gas Import             921 non-null    float64\n",
      " 10  Crude Oil Import               883 non-null    float64\n",
      " 11  Motor Gasoline Import          1050 non-null   float64\n",
      " 12  Gas Oil/Diesel Oil Import      1059 non-null   float64\n",
      " 13  Hard Coal Export               661 non-null    float64\n",
      " 14  Natural Gas Export             480 non-null    float64\n",
      " 15  Crude Oil Export               546 non-null    float64\n",
      " 16  Motor Gasoline Export          930 non-null    float64\n",
      " 17  Gas Oil/Diesel Oil Export      966 non-null    float64\n",
      "dtypes: float64(16), int64(1), object(1)\n",
      "memory usage: 181.5+ KB\n"
     ]
    }
   ],
   "source": [
    "df.info()"
   ]
  },
  {
   "cell_type": "code",
   "execution_count": 5,
   "metadata": {
    "collapsed": false
   },
   "outputs": [
    {
     "data": {
      "text/html": [
       "<div>\n",
       "<style scoped>\n",
       "    .dataframe tbody tr th:only-of-type {\n",
       "        vertical-align: middle;\n",
       "    }\n",
       "\n",
       "    .dataframe tbody tr th {\n",
       "        vertical-align: top;\n",
       "    }\n",
       "\n",
       "    .dataframe thead th {\n",
       "        text-align: right;\n",
       "    }\n",
       "</style>\n",
       "<table border=\"1\" class=\"dataframe\">\n",
       "  <thead>\n",
       "    <tr style=\"text-align: right;\">\n",
       "      <th></th>\n",
       "      <th>Greenhouse Gas Emissions</th>\n",
       "      <th>Country</th>\n",
       "      <th>Year</th>\n",
       "      <th>Hard Coal Production</th>\n",
       "      <th>Natural Gas Production</th>\n",
       "      <th>Crude Oil Production</th>\n",
       "      <th>Motor Gasoline Production</th>\n",
       "      <th>Gas Oil/Diesel Oil Production</th>\n",
       "      <th>Hard Coal Import</th>\n",
       "      <th>Natural Gas Import</th>\n",
       "      <th>Crude Oil Import</th>\n",
       "      <th>Motor Gasoline Import</th>\n",
       "      <th>Gas Oil/Diesel Oil Import</th>\n",
       "      <th>Hard Coal Export</th>\n",
       "      <th>Natural Gas Export</th>\n",
       "      <th>Crude Oil Export</th>\n",
       "      <th>Motor Gasoline Export</th>\n",
       "      <th>Gas Oil/Diesel Oil Export</th>\n",
       "    </tr>\n",
       "  </thead>\n",
       "  <tbody>\n",
       "    <tr>\n",
       "      <th>0</th>\n",
       "      <td>423672.224546</td>\n",
       "      <td>AUS</td>\n",
       "      <td>1990</td>\n",
       "      <td>141792.0</td>\n",
       "      <td>797340.0</td>\n",
       "      <td>25465.0</td>\n",
       "      <td>11969.0</td>\n",
       "      <td>8700.0</td>\n",
       "      <td>NaN</td>\n",
       "      <td>NaN</td>\n",
       "      <td>6039.0</td>\n",
       "      <td>1166.0</td>\n",
       "      <td>871.0</td>\n",
       "      <td>103396.0</td>\n",
       "      <td>109300.0</td>\n",
       "      <td>5348.0</td>\n",
       "      <td>153.0</td>\n",
       "      <td>619.0</td>\n",
       "    </tr>\n",
       "    <tr>\n",
       "      <th>1</th>\n",
       "      <td>423733.063876</td>\n",
       "      <td>AUS</td>\n",
       "      <td>1991</td>\n",
       "      <td>152905.0</td>\n",
       "      <td>829256.0</td>\n",
       "      <td>25432.0</td>\n",
       "      <td>12098.0</td>\n",
       "      <td>8702.0</td>\n",
       "      <td>NaN</td>\n",
       "      <td>NaN</td>\n",
       "      <td>6427.0</td>\n",
       "      <td>426.0</td>\n",
       "      <td>390.0</td>\n",
       "      <td>120183.0</td>\n",
       "      <td>185000.0</td>\n",
       "      <td>7210.0</td>\n",
       "      <td>231.0</td>\n",
       "      <td>748.0</td>\n",
       "    </tr>\n",
       "    <tr>\n",
       "      <th>2</th>\n",
       "      <td>427426.084255</td>\n",
       "      <td>AUS</td>\n",
       "      <td>1992</td>\n",
       "      <td>159616.0</td>\n",
       "      <td>902611.0</td>\n",
       "      <td>22311.0</td>\n",
       "      <td>12640.0</td>\n",
       "      <td>8794.0</td>\n",
       "      <td>NaN</td>\n",
       "      <td>NaN</td>\n",
       "      <td>7980.0</td>\n",
       "      <td>149.0</td>\n",
       "      <td>329.0</td>\n",
       "      <td>126242.0</td>\n",
       "      <td>235400.0</td>\n",
       "      <td>7035.0</td>\n",
       "      <td>507.0</td>\n",
       "      <td>702.0</td>\n",
       "    </tr>\n",
       "    <tr>\n",
       "      <th>3</th>\n",
       "      <td>428337.072227</td>\n",
       "      <td>AUS</td>\n",
       "      <td>1993</td>\n",
       "      <td>160360.0</td>\n",
       "      <td>970864.0</td>\n",
       "      <td>21836.0</td>\n",
       "      <td>13020.0</td>\n",
       "      <td>9311.0</td>\n",
       "      <td>NaN</td>\n",
       "      <td>NaN</td>\n",
       "      <td>10445.0</td>\n",
       "      <td>282.0</td>\n",
       "      <td>567.0</td>\n",
       "      <td>131752.0</td>\n",
       "      <td>276606.0</td>\n",
       "      <td>7812.0</td>\n",
       "      <td>496.0</td>\n",
       "      <td>557.0</td>\n",
       "    </tr>\n",
       "    <tr>\n",
       "      <th>4</th>\n",
       "      <td>428818.220667</td>\n",
       "      <td>AUS</td>\n",
       "      <td>1994</td>\n",
       "      <td>156324.0</td>\n",
       "      <td>1046133.0</td>\n",
       "      <td>20262.0</td>\n",
       "      <td>13023.0</td>\n",
       "      <td>9748.0</td>\n",
       "      <td>NaN</td>\n",
       "      <td>NaN</td>\n",
       "      <td>12726.0</td>\n",
       "      <td>297.0</td>\n",
       "      <td>644.0</td>\n",
       "      <td>131201.0</td>\n",
       "      <td>320737.0</td>\n",
       "      <td>7153.0</td>\n",
       "      <td>653.0</td>\n",
       "      <td>682.0</td>\n",
       "    </tr>\n",
       "  </tbody>\n",
       "</table>\n",
       "</div>"
      ],
      "text/plain": [
       "   Greenhouse Gas Emissions Country  Year  Hard Coal Production  \\\n",
       "0             423672.224546     AUS  1990              141792.0   \n",
       "1             423733.063876     AUS  1991              152905.0   \n",
       "2             427426.084255     AUS  1992              159616.0   \n",
       "3             428337.072227     AUS  1993              160360.0   \n",
       "4             428818.220667     AUS  1994              156324.0   \n",
       "\n",
       "   Natural Gas Production  Crude Oil Production  Motor Gasoline Production  \\\n",
       "0                797340.0               25465.0                    11969.0   \n",
       "1                829256.0               25432.0                    12098.0   \n",
       "2                902611.0               22311.0                    12640.0   \n",
       "3                970864.0               21836.0                    13020.0   \n",
       "4               1046133.0               20262.0                    13023.0   \n",
       "\n",
       "   Gas Oil/Diesel Oil Production  Hard Coal Import  Natural Gas Import  \\\n",
       "0                         8700.0               NaN                 NaN   \n",
       "1                         8702.0               NaN                 NaN   \n",
       "2                         8794.0               NaN                 NaN   \n",
       "3                         9311.0               NaN                 NaN   \n",
       "4                         9748.0               NaN                 NaN   \n",
       "\n",
       "   Crude Oil Import  Motor Gasoline Import  Gas Oil/Diesel Oil Import  \\\n",
       "0            6039.0                 1166.0                      871.0   \n",
       "1            6427.0                  426.0                      390.0   \n",
       "2            7980.0                  149.0                      329.0   \n",
       "3           10445.0                  282.0                      567.0   \n",
       "4           12726.0                  297.0                      644.0   \n",
       "\n",
       "   Hard Coal Export  Natural Gas Export  Crude Oil Export  \\\n",
       "0          103396.0            109300.0            5348.0   \n",
       "1          120183.0            185000.0            7210.0   \n",
       "2          126242.0            235400.0            7035.0   \n",
       "3          131752.0            276606.0            7812.0   \n",
       "4          131201.0            320737.0            7153.0   \n",
       "\n",
       "   Motor Gasoline Export  Gas Oil/Diesel Oil Export  \n",
       "0                  153.0                      619.0  \n",
       "1                  231.0                      748.0  \n",
       "2                  507.0                      702.0  \n",
       "3                  496.0                      557.0  \n",
       "4                  653.0                      682.0  "
      ]
     },
     "execution_count": 5,
     "metadata": {
     },
     "output_type": "execute_result"
    }
   ],
   "source": [
    "df.head()"
   ]
  },
  {
   "cell_type": "code",
   "execution_count": 9,
   "metadata": {
    "collapsed": false
   },
   "outputs": [
    {
     "data": {
      "text/plain": [
       "1290"
      ]
     },
     "execution_count": 9,
     "metadata": {
     },
     "output_type": "execute_result"
    }
   ],
   "source": [
    "len(df)"
   ]
  },
  {
   "cell_type": "code",
   "execution_count": 15,
   "metadata": {
    "collapsed": false
   },
   "outputs": [
    {
     "data": {
      "text/html": [
       "<div>\n",
       "<style scoped>\n",
       "    .dataframe tbody tr th:only-of-type {\n",
       "        vertical-align: middle;\n",
       "    }\n",
       "\n",
       "    .dataframe tbody tr th {\n",
       "        vertical-align: top;\n",
       "    }\n",
       "\n",
       "    .dataframe thead th {\n",
       "        text-align: right;\n",
       "    }\n",
       "</style>\n",
       "<table border=\"1\" class=\"dataframe\">\n",
       "  <thead>\n",
       "    <tr style=\"text-align: right;\">\n",
       "      <th></th>\n",
       "      <th>Greenhouse Gas Emissions</th>\n",
       "      <th>Year</th>\n",
       "      <th>Motor Gasoline Production</th>\n",
       "      <th>Gas Oil/Diesel Oil Production</th>\n",
       "      <th>Hard Coal Import</th>\n",
       "      <th>Natural Gas Import</th>\n",
       "      <th>Crude Oil Import</th>\n",
       "      <th>Motor Gasoline Import</th>\n",
       "      <th>Gas Oil/Diesel Oil Import</th>\n",
       "      <th>Motor Gasoline Export</th>\n",
       "      <th>Gas Oil/Diesel Oil Export</th>\n",
       "    </tr>\n",
       "  </thead>\n",
       "  <tbody>\n",
       "    <tr>\n",
       "      <th>0</th>\n",
       "      <td>423672.224546</td>\n",
       "      <td>1990</td>\n",
       "      <td>11969.0</td>\n",
       "      <td>8700.0</td>\n",
       "      <td>NaN</td>\n",
       "      <td>NaN</td>\n",
       "      <td>6039.0</td>\n",
       "      <td>1166.0</td>\n",
       "      <td>871.0</td>\n",
       "      <td>153.0</td>\n",
       "      <td>619.0</td>\n",
       "    </tr>\n",
       "    <tr>\n",
       "      <th>1</th>\n",
       "      <td>423733.063876</td>\n",
       "      <td>1991</td>\n",
       "      <td>12098.0</td>\n",
       "      <td>8702.0</td>\n",
       "      <td>NaN</td>\n",
       "      <td>NaN</td>\n",
       "      <td>6427.0</td>\n",
       "      <td>426.0</td>\n",
       "      <td>390.0</td>\n",
       "      <td>231.0</td>\n",
       "      <td>748.0</td>\n",
       "    </tr>\n",
       "    <tr>\n",
       "      <th>2</th>\n",
       "      <td>427426.084255</td>\n",
       "      <td>1992</td>\n",
       "      <td>12640.0</td>\n",
       "      <td>8794.0</td>\n",
       "      <td>NaN</td>\n",
       "      <td>NaN</td>\n",
       "      <td>7980.0</td>\n",
       "      <td>149.0</td>\n",
       "      <td>329.0</td>\n",
       "      <td>507.0</td>\n",
       "      <td>702.0</td>\n",
       "    </tr>\n",
       "    <tr>\n",
       "      <th>3</th>\n",
       "      <td>428337.072227</td>\n",
       "      <td>1993</td>\n",
       "      <td>13020.0</td>\n",
       "      <td>9311.0</td>\n",
       "      <td>NaN</td>\n",
       "      <td>NaN</td>\n",
       "      <td>10445.0</td>\n",
       "      <td>282.0</td>\n",
       "      <td>567.0</td>\n",
       "      <td>496.0</td>\n",
       "      <td>557.0</td>\n",
       "    </tr>\n",
       "    <tr>\n",
       "      <th>4</th>\n",
       "      <td>428818.220667</td>\n",
       "      <td>1994</td>\n",
       "      <td>13023.0</td>\n",
       "      <td>9748.0</td>\n",
       "      <td>NaN</td>\n",
       "      <td>NaN</td>\n",
       "      <td>12726.0</td>\n",
       "      <td>297.0</td>\n",
       "      <td>644.0</td>\n",
       "      <td>653.0</td>\n",
       "      <td>682.0</td>\n",
       "    </tr>\n",
       "  </tbody>\n",
       "</table>\n",
       "</div>"
      ],
      "text/plain": [
       "   Greenhouse Gas Emissions  Year  Motor Gasoline Production  \\\n",
       "0             423672.224546  1990                    11969.0   \n",
       "1             423733.063876  1991                    12098.0   \n",
       "2             427426.084255  1992                    12640.0   \n",
       "3             428337.072227  1993                    13020.0   \n",
       "4             428818.220667  1994                    13023.0   \n",
       "\n",
       "   Gas Oil/Diesel Oil Production  Hard Coal Import  Natural Gas Import  \\\n",
       "0                         8700.0               NaN                 NaN   \n",
       "1                         8702.0               NaN                 NaN   \n",
       "2                         8794.0               NaN                 NaN   \n",
       "3                         9311.0               NaN                 NaN   \n",
       "4                         9748.0               NaN                 NaN   \n",
       "\n",
       "   Crude Oil Import  Motor Gasoline Import  Gas Oil/Diesel Oil Import  \\\n",
       "0            6039.0                 1166.0                      871.0   \n",
       "1            6427.0                  426.0                      390.0   \n",
       "2            7980.0                  149.0                      329.0   \n",
       "3           10445.0                  282.0                      567.0   \n",
       "4           12726.0                  297.0                      644.0   \n",
       "\n",
       "   Motor Gasoline Export  Gas Oil/Diesel Oil Export  \n",
       "0                  153.0                      619.0  \n",
       "1                  231.0                      748.0  \n",
       "2                  507.0                      702.0  \n",
       "3                  496.0                      557.0  \n",
       "4                  653.0                      682.0  "
      ]
     },
     "execution_count": 15,
     "metadata": {
     },
     "output_type": "execute_result"
    }
   ],
   "source": [
    "columns_to_remove = ['Hard Coal Export', 'Natural Gas Export', \"Crude Oil Export\", 'Hard Coal Production' , 'Natural Gas Production' , \"Crude Oil Production\", \"Unnamed: 0\"]\n",
    "df.drop(columns_to_remove, axis = 1, inplace = True)\n",
    "df.head()"
   ]
  },
  {
   "cell_type": "code",
   "execution_count": 7,
   "metadata": {
    "collapsed": false
   },
   "outputs": [
    {
     "data": {
      "text/html": "<html>\n<head><meta charset=\"utf-8\" /></head>\n<body>\n    <div>            <script src=\"https://cdnjs.cloudflare.com/ajax/libs/mathjax/2.7.5/MathJax.js?config=TeX-AMS-MML_SVG\"></script><script type=\"text/javascript\">if (window.MathJax) {MathJax.Hub.Config({SVG: {font: \"STIX-Web\"}});}</script>                <script type=\"text/javascript\">window.PlotlyConfig = {MathJaxConfig: 'local'};</script>\n        <script src=\"https://cdn.plot.ly/plotly-2.9.0.min.js\"></script>                <div id=\"6b4b02fe-bcb4-4fcb-9b54-c83870cf8bbf\" class=\"plotly-graph-div\" style=\"height:650px; width:650px;\"></div>            <script type=\"text/javascript\">                                    window.PLOTLYENV=window.PLOTLYENV || {};                                    if (document.getElementById(\"6b4b02fe-bcb4-4fcb-9b54-c83870cf8bbf\")) {                    Plotly.newPlot(                        \"6b4b02fe-bcb4-4fcb-9b54-c83870cf8bbf\",                        [{\"coloraxis\":\"coloraxis\",\"name\":\"0\",\"x\":[\"Greenhouse Gas Emissions\",\"Year\",\"Hard Coal Production\",\"Natural Gas Production\",\"Crude Oil Production\",\"Motor Gasoline Production\",\"Gas Oil/Diesel Oil Production\",\"Hard Coal Import\",\"Natural Gas Import\",\"Crude Oil Import\",\"Motor Gasoline Import\",\"Gas Oil/Diesel Oil Import\",\"Hard Coal Export\",\"Natural Gas Export\",\"Crude Oil Export\",\"Motor Gasoline Export\",\"Gas Oil/Diesel Oil Export\"],\"y\":[\"Greenhouse Gas Emissions\",\"Year\",\"Hard Coal Production\",\"Natural Gas Production\",\"Crude Oil Production\",\"Motor Gasoline Production\",\"Gas Oil/Diesel Oil Production\",\"Hard Coal Import\",\"Natural Gas Import\",\"Crude Oil Import\",\"Motor Gasoline Import\",\"Gas Oil/Diesel Oil Import\",\"Hard Coal Export\",\"Natural Gas Export\",\"Crude Oil Export\",\"Motor Gasoline Export\",\"Gas Oil/Diesel Oil Export\"],\"z\":[[1.0,-0.017042888456442976,0.8223863249146984,0.8084893234516431,0.738628574723969,0.9760401601507916,0.9718926794024965,0.22060127228784795,0.6324227381020314,0.9176014864286072,0.8578335701331782,0.3261478672678627,0.25696437139276873,0.26148911532434344,0.22128957495306015,0.4966329371658844,0.5623273112121244],[-0.017042888456442976,1.0,0.04937164508675611,0.04493537050139036,0.055619287263418096,0.009130164111965459,0.05369192912907185,0.04342534371867046,0.09854231284498519,0.0054645596553920504,0.05753770315178304,0.19908196438608797,0.08977359395926669,0.045299267432116694,0.08924644684748573,0.20577577156567867,0.16652172923689657],[0.8223863249146984,0.04937164508675611,1.0,0.730567822004124,0.6675349793278611,0.7822747614486641,0.7345730996434504,-0.13304248026883334,0.264288930428547,0.6459832440943374,0.682033541132682,0.23983911458058277,0.6425586750777692,0.21322823169799476,0.12577963574360593,0.3453485748896695,0.47068322660587664],[0.8084893234516431,0.04493537050139036,0.730567822004124,1.0,0.9760149540659476,0.727389792171703,0.8073339130888473,0.024059048011405914,0.2592766690940768,0.574844442854135,0.6100508254992759,0.11511477636801425,0.36488730750718146,0.7401524008953031,0.6822655840766948,0.5247491945757509,0.7919386929599226],[0.738628574723969,0.055619287263418096,0.6675349793278611,0.9760149540659476,1.0,0.6499500299873978,0.7423043681911876,0.024516973570106744,0.196003638933429,0.48703642488765897,0.4978265925370028,0.053125942056078325,0.34565980659588086,0.7567725556430422,0.783302758082085,0.47218232090780976,0.7660930801796332],[0.9760401601507916,0.009130164111965459,0.7822747614486641,0.727389792171703,0.6499500299873978,1.0,0.95214607695707,0.11379471950861621,0.5739942038291636,0.9243307849128231,0.892699823229863,0.2832300033718421,0.19848157631478708,0.12426749076751127,0.08089143445062895,0.5236210630033302,0.503947864581532],[0.9718926794024965,0.05369192912907185,0.7345730996434504,0.8073339130888473,0.7423043681911876,0.95214607695707,1.0,0.27063922110287925,0.6560109905112426,0.9268590669150029,0.8669179921236403,0.3574290146904568,0.2167403490334749,0.31197620065469567,0.2661381994409357,0.6081721262430643,0.6625287031837559],[0.22060127228784795,0.04342534371867046,-0.13304248026883334,0.024059048011405914,0.024516973570106744,0.11379471950861621,0.27063922110287925,1.0,0.6454073121152225,0.3899668688801215,0.06259605741367134,0.13448930272276627,-0.05571052611893061,0.31080870745598765,0.3865131049265044,0.059885381479542504,0.13813082097720783],[0.6324227381020314,0.09854231284498519,0.264288930428547,0.2592766690940768,0.196003638933429,0.5739942038291636,0.6560109905112426,0.6454073121152225,1.0,0.756068026105786,0.577307013500384,0.537998825008343,-0.02173430924009451,-0.08150351016495268,-0.09549944558554782,0.37448035767805704,0.2992614337384058],[0.9176014864286072,0.0054645596553920504,0.6459832440943374,0.574844442854135,0.48703642488765897,0.9243307849128231,0.9268590669150029,0.3899668688801215,0.756068026105786,1.0,0.8579181892723682,0.3858099023981694,0.10247275672681555,0.024172305837166404,-0.03361027648328963,0.4725450781661807,0.4293228649751195],[0.8578335701331782,0.05753770315178304,0.682033541132682,0.6100508254992759,0.4978265925370028,0.892699823229863,0.8669179921236403,0.06259605741367134,0.577307013500384,0.8579181892723682,1.0,0.4734854968956699,0.18134027456890583,0.07333414453726987,-0.018752393099949083,0.6325878690119241,0.5292231751425612],[0.3261478672678627,0.19908196438608797,0.23983911458058277,0.11511477636801425,0.053125942056078325,0.2832300033718421,0.3574290146904568,0.13448930272276627,0.537998825008343,0.3858099023981694,0.4734854968956699,1.0,0.1493448566893368,-0.07442458454671697,-0.13559018671913856,0.512750523931791,0.3066522952921401],[0.25696437139276873,0.08977359395926669,0.6425586750777692,0.36488730750718146,0.34565980659588086,0.19848157631478708,0.2167403490334749,-0.05571052611893061,-0.02173430924009451,0.10247275672681555,0.18134027456890583,0.1493448566893368,1.0,0.34100780519892987,0.27414087024173883,0.09874409911424069,0.2635497516758961],[0.26148911532434344,0.045299267432116694,0.21322823169799476,0.7401524008953031,0.7567725556430422,0.12426749076751127,0.31197620065469567,0.31080870745598765,-0.08150351016495268,0.024172305837166404,0.07333414453726987,-0.07442458454671697,0.34100780519892987,1.0,0.8851058092734015,0.3016437149123546,0.678284274650316],[0.22128957495306015,0.08924644684748573,0.12577963574360593,0.6822655840766948,0.783302758082085,0.08089143445062895,0.2661381994409357,0.3865131049265044,-0.09549944558554782,-0.03361027648328963,-0.018752393099949083,-0.13559018671913856,0.27414087024173883,0.8851058092734015,1.0,0.2131020211069794,0.5798615743507195],[0.4966329371658844,0.20577577156567867,0.3453485748896695,0.5247491945757509,0.47218232090780976,0.5236210630033302,0.6081721262430643,0.059885381479542504,0.37448035767805704,0.4725450781661807,0.6325878690119241,0.512750523931791,0.09874409911424069,0.3016437149123546,0.2131020211069794,1.0,0.8017071272696132],[0.5623273112121244,0.16652172923689657,0.47068322660587664,0.7919386929599226,0.7660930801796332,0.503947864581532,0.6625287031837559,0.13813082097720783,0.2992614337384058,0.4293228649751195,0.5292231751425612,0.3066522952921401,0.2635497516758961,0.678284274650316,0.5798615743507195,0.8017071272696132,1.0]],\"type\":\"heatmap\",\"xaxis\":\"x\",\"yaxis\":\"y\",\"hovertemplate\":\"x: %{x}<br>y: %{y}<br>color: %{z}<extra></extra>\"}],                        {\"template\":{\"data\":{\"bar\":[{\"error_x\":{\"color\":\"#2a3f5f\"},\"error_y\":{\"color\":\"#2a3f5f\"},\"marker\":{\"line\":{\"color\":\"#E5ECF6\",\"width\":0.5},\"pattern\":{\"fillmode\":\"overlay\",\"size\":10,\"solidity\":0.2}},\"type\":\"bar\"}],\"barpolar\":[{\"marker\":{\"line\":{\"color\":\"#E5ECF6\",\"width\":0.5},\"pattern\":{\"fillmode\":\"overlay\",\"size\":10,\"solidity\":0.2}},\"type\":\"barpolar\"}],\"carpet\":[{\"aaxis\":{\"endlinecolor\":\"#2a3f5f\",\"gridcolor\":\"white\",\"linecolor\":\"white\",\"minorgridcolor\":\"white\",\"startlinecolor\":\"#2a3f5f\"},\"baxis\":{\"endlinecolor\":\"#2a3f5f\",\"gridcolor\":\"white\",\"linecolor\":\"white\",\"minorgridcolor\":\"white\",\"startlinecolor\":\"#2a3f5f\"},\"type\":\"carpet\"}],\"choropleth\":[{\"colorbar\":{\"outlinewidth\":0,\"ticks\":\"\"},\"type\":\"choropleth\"}],\"contour\":[{\"colorbar\":{\"outlinewidth\":0,\"ticks\":\"\"},\"colorscale\":[[0.0,\"#0d0887\"],[0.1111111111111111,\"#46039f\"],[0.2222222222222222,\"#7201a8\"],[0.3333333333333333,\"#9c179e\"],[0.4444444444444444,\"#bd3786\"],[0.5555555555555556,\"#d8576b\"],[0.6666666666666666,\"#ed7953\"],[0.7777777777777778,\"#fb9f3a\"],[0.8888888888888888,\"#fdca26\"],[1.0,\"#f0f921\"]],\"type\":\"contour\"}],\"contourcarpet\":[{\"colorbar\":{\"outlinewidth\":0,\"ticks\":\"\"},\"type\":\"contourcarpet\"}],\"heatmap\":[{\"colorbar\":{\"outlinewidth\":0,\"ticks\":\"\"},\"colorscale\":[[0.0,\"#0d0887\"],[0.1111111111111111,\"#46039f\"],[0.2222222222222222,\"#7201a8\"],[0.3333333333333333,\"#9c179e\"],[0.4444444444444444,\"#bd3786\"],[0.5555555555555556,\"#d8576b\"],[0.6666666666666666,\"#ed7953\"],[0.7777777777777778,\"#fb9f3a\"],[0.8888888888888888,\"#fdca26\"],[1.0,\"#f0f921\"]],\"type\":\"heatmap\"}],\"heatmapgl\":[{\"colorbar\":{\"outlinewidth\":0,\"ticks\":\"\"},\"colorscale\":[[0.0,\"#0d0887\"],[0.1111111111111111,\"#46039f\"],[0.2222222222222222,\"#7201a8\"],[0.3333333333333333,\"#9c179e\"],[0.4444444444444444,\"#bd3786\"],[0.5555555555555556,\"#d8576b\"],[0.6666666666666666,\"#ed7953\"],[0.7777777777777778,\"#fb9f3a\"],[0.8888888888888888,\"#fdca26\"],[1.0,\"#f0f921\"]],\"type\":\"heatmapgl\"}],\"histogram\":[{\"marker\":{\"pattern\":{\"fillmode\":\"overlay\",\"size\":10,\"solidity\":0.2}},\"type\":\"histogram\"}],\"histogram2d\":[{\"colorbar\":{\"outlinewidth\":0,\"ticks\":\"\"},\"colorscale\":[[0.0,\"#0d0887\"],[0.1111111111111111,\"#46039f\"],[0.2222222222222222,\"#7201a8\"],[0.3333333333333333,\"#9c179e\"],[0.4444444444444444,\"#bd3786\"],[0.5555555555555556,\"#d8576b\"],[0.6666666666666666,\"#ed7953\"],[0.7777777777777778,\"#fb9f3a\"],[0.8888888888888888,\"#fdca26\"],[1.0,\"#f0f921\"]],\"type\":\"histogram2d\"}],\"histogram2dcontour\":[{\"colorbar\":{\"outlinewidth\":0,\"ticks\":\"\"},\"colorscale\":[[0.0,\"#0d0887\"],[0.1111111111111111,\"#46039f\"],[0.2222222222222222,\"#7201a8\"],[0.3333333333333333,\"#9c179e\"],[0.4444444444444444,\"#bd3786\"],[0.5555555555555556,\"#d8576b\"],[0.6666666666666666,\"#ed7953\"],[0.7777777777777778,\"#fb9f3a\"],[0.8888888888888888,\"#fdca26\"],[1.0,\"#f0f921\"]],\"type\":\"histogram2dcontour\"}],\"mesh3d\":[{\"colorbar\":{\"outlinewidth\":0,\"ticks\":\"\"},\"type\":\"mesh3d\"}],\"parcoords\":[{\"line\":{\"colorbar\":{\"outlinewidth\":0,\"ticks\":\"\"}},\"type\":\"parcoords\"}],\"pie\":[{\"automargin\":true,\"type\":\"pie\"}],\"scatter\":[{\"marker\":{\"colorbar\":{\"outlinewidth\":0,\"ticks\":\"\"}},\"type\":\"scatter\"}],\"scatter3d\":[{\"line\":{\"colorbar\":{\"outlinewidth\":0,\"ticks\":\"\"}},\"marker\":{\"colorbar\":{\"outlinewidth\":0,\"ticks\":\"\"}},\"type\":\"scatter3d\"}],\"scattercarpet\":[{\"marker\":{\"colorbar\":{\"outlinewidth\":0,\"ticks\":\"\"}},\"type\":\"scattercarpet\"}],\"scattergeo\":[{\"marker\":{\"colorbar\":{\"outlinewidth\":0,\"ticks\":\"\"}},\"type\":\"scattergeo\"}],\"scattergl\":[{\"marker\":{\"colorbar\":{\"outlinewidth\":0,\"ticks\":\"\"}},\"type\":\"scattergl\"}],\"scattermapbox\":[{\"marker\":{\"colorbar\":{\"outlinewidth\":0,\"ticks\":\"\"}},\"type\":\"scattermapbox\"}],\"scatterpolar\":[{\"marker\":{\"colorbar\":{\"outlinewidth\":0,\"ticks\":\"\"}},\"type\":\"scatterpolar\"}],\"scatterpolargl\":[{\"marker\":{\"colorbar\":{\"outlinewidth\":0,\"ticks\":\"\"}},\"type\":\"scatterpolargl\"}],\"scatterternary\":[{\"marker\":{\"colorbar\":{\"outlinewidth\":0,\"ticks\":\"\"}},\"type\":\"scatterternary\"}],\"surface\":[{\"colorbar\":{\"outlinewidth\":0,\"ticks\":\"\"},\"colorscale\":[[0.0,\"#0d0887\"],[0.1111111111111111,\"#46039f\"],[0.2222222222222222,\"#7201a8\"],[0.3333333333333333,\"#9c179e\"],[0.4444444444444444,\"#bd3786\"],[0.5555555555555556,\"#d8576b\"],[0.6666666666666666,\"#ed7953\"],[0.7777777777777778,\"#fb9f3a\"],[0.8888888888888888,\"#fdca26\"],[1.0,\"#f0f921\"]],\"type\":\"surface\"}],\"table\":[{\"cells\":{\"fill\":{\"color\":\"#EBF0F8\"},\"line\":{\"color\":\"white\"}},\"header\":{\"fill\":{\"color\":\"#C8D4E3\"},\"line\":{\"color\":\"white\"}},\"type\":\"table\"}]},\"layout\":{\"annotationdefaults\":{\"arrowcolor\":\"#2a3f5f\",\"arrowhead\":0,\"arrowwidth\":1},\"autotypenumbers\":\"strict\",\"coloraxis\":{\"colorbar\":{\"outlinewidth\":0,\"ticks\":\"\"}},\"colorscale\":{\"diverging\":[[0,\"#8e0152\"],[0.1,\"#c51b7d\"],[0.2,\"#de77ae\"],[0.3,\"#f1b6da\"],[0.4,\"#fde0ef\"],[0.5,\"#f7f7f7\"],[0.6,\"#e6f5d0\"],[0.7,\"#b8e186\"],[0.8,\"#7fbc41\"],[0.9,\"#4d9221\"],[1,\"#276419\"]],\"sequential\":[[0.0,\"#0d0887\"],[0.1111111111111111,\"#46039f\"],[0.2222222222222222,\"#7201a8\"],[0.3333333333333333,\"#9c179e\"],[0.4444444444444444,\"#bd3786\"],[0.5555555555555556,\"#d8576b\"],[0.6666666666666666,\"#ed7953\"],[0.7777777777777778,\"#fb9f3a\"],[0.8888888888888888,\"#fdca26\"],[1.0,\"#f0f921\"]],\"sequentialminus\":[[0.0,\"#0d0887\"],[0.1111111111111111,\"#46039f\"],[0.2222222222222222,\"#7201a8\"],[0.3333333333333333,\"#9c179e\"],[0.4444444444444444,\"#bd3786\"],[0.5555555555555556,\"#d8576b\"],[0.6666666666666666,\"#ed7953\"],[0.7777777777777778,\"#fb9f3a\"],[0.8888888888888888,\"#fdca26\"],[1.0,\"#f0f921\"]]},\"colorway\":[\"#636efa\",\"#EF553B\",\"#00cc96\",\"#ab63fa\",\"#FFA15A\",\"#19d3f3\",\"#FF6692\",\"#B6E880\",\"#FF97FF\",\"#FECB52\"],\"font\":{\"color\":\"#2a3f5f\"},\"geo\":{\"bgcolor\":\"white\",\"lakecolor\":\"white\",\"landcolor\":\"#E5ECF6\",\"showlakes\":true,\"showland\":true,\"subunitcolor\":\"white\"},\"hoverlabel\":{\"align\":\"left\"},\"hovermode\":\"closest\",\"mapbox\":{\"style\":\"light\"},\"paper_bgcolor\":\"white\",\"plot_bgcolor\":\"#E5ECF6\",\"polar\":{\"angularaxis\":{\"gridcolor\":\"white\",\"linecolor\":\"white\",\"ticks\":\"\"},\"bgcolor\":\"#E5ECF6\",\"radialaxis\":{\"gridcolor\":\"white\",\"linecolor\":\"white\",\"ticks\":\"\"}},\"scene\":{\"xaxis\":{\"backgroundcolor\":\"#E5ECF6\",\"gridcolor\":\"white\",\"gridwidth\":2,\"linecolor\":\"white\",\"showbackground\":true,\"ticks\":\"\",\"zerolinecolor\":\"white\"},\"yaxis\":{\"backgroundcolor\":\"#E5ECF6\",\"gridcolor\":\"white\",\"gridwidth\":2,\"linecolor\":\"white\",\"showbackground\":true,\"ticks\":\"\",\"zerolinecolor\":\"white\"},\"zaxis\":{\"backgroundcolor\":\"#E5ECF6\",\"gridcolor\":\"white\",\"gridwidth\":2,\"linecolor\":\"white\",\"showbackground\":true,\"ticks\":\"\",\"zerolinecolor\":\"white\"}},\"shapedefaults\":{\"line\":{\"color\":\"#2a3f5f\"}},\"ternary\":{\"aaxis\":{\"gridcolor\":\"white\",\"linecolor\":\"white\",\"ticks\":\"\"},\"baxis\":{\"gridcolor\":\"white\",\"linecolor\":\"white\",\"ticks\":\"\"},\"bgcolor\":\"#E5ECF6\",\"caxis\":{\"gridcolor\":\"white\",\"linecolor\":\"white\",\"ticks\":\"\"}},\"title\":{\"x\":0.05},\"xaxis\":{\"automargin\":true,\"gridcolor\":\"white\",\"linecolor\":\"white\",\"ticks\":\"\",\"title\":{\"standoff\":15},\"zerolinecolor\":\"white\",\"zerolinewidth\":2},\"yaxis\":{\"automargin\":true,\"gridcolor\":\"white\",\"linecolor\":\"white\",\"ticks\":\"\",\"title\":{\"standoff\":15},\"zerolinecolor\":\"white\",\"zerolinewidth\":2}}},\"xaxis\":{\"anchor\":\"y\",\"domain\":[0.0,1.0],\"scaleanchor\":\"y\",\"constrain\":\"domain\",\"tickangle\":-45},\"yaxis\":{\"anchor\":\"x\",\"domain\":[0.0,1.0],\"autorange\":\"reversed\",\"constrain\":\"domain\"},\"coloraxis\":{\"colorscale\":[[0.0,\"#0d0887\"],[0.1111111111111111,\"#46039f\"],[0.2222222222222222,\"#7201a8\"],[0.3333333333333333,\"#9c179e\"],[0.4444444444444444,\"#bd3786\"],[0.5555555555555556,\"#d8576b\"],[0.6666666666666666,\"#ed7953\"],[0.7777777777777778,\"#fb9f3a\"],[0.8888888888888888,\"#fdca26\"],[1.0,\"#f0f921\"]]},\"title\":{\"text\":\"Correlation Matrix\"},\"height\":650,\"width\":650},                        {\"responsive\": true}                    ).then(function(){\n                            \nvar gd = document.getElementById('6b4b02fe-bcb4-4fcb-9b54-c83870cf8bbf');\nvar x = new MutationObserver(function (mutations, observer) {{\n        var display = window.getComputedStyle(gd).display;\n        if (!display || display === 'none') {{\n            console.log([gd, 'removed!']);\n            Plotly.purge(gd);\n            observer.disconnect();\n        }}\n}});\n\n// Listen for the removal of the full notebook cells\nvar notebookContainer = gd.closest('#notebook-container');\nif (notebookContainer) {{\n    x.observe(notebookContainer, {childList: true});\n}}\n\n// Listen for the clearing of the current output cell\nvar outputEl = gd.closest('.output');\nif (outputEl) {{\n    x.observe(outputEl, {childList: true});\n}}\n\n                        })                };                            </script>        </div>\n</body>\n</html>"
     },
     "execution_count": 7,
     "metadata": {
     },
     "output_type": "execute_result"
    }
   ],
   "source": [
    "# Show correlation matrix\n",
    "fig = px.imshow(df.corr(),title=\"Correlation Matrix\",width=650,height=650)\n",
    "fig.update_xaxes(tickangle=-45)"
   ]
  },
  {
   "cell_type": "code",
   "execution_count": 0,
   "metadata": {
    "collapsed": false
   },
   "outputs": [
   ],
   "source": [
    "#gas oil/deisel oil v. Motor Gasoline Prod\n",
    "#gas oil/deisel oil & Motor Gasoline v. Green house gas emissions"
   ]
  },
  {
   "cell_type": "code",
   "execution_count": 5,
   "metadata": {
    "collapsed": false
   },
   "outputs": [
    {
     "data": {
