{
 "cells": [
  {
   "cell_type": "code",
   "execution_count": 1,
   "metadata": {
    "collapsed": false
   },
   "outputs": [
   ],
   "source": [
    "import pandas as pd\n",
    "import seaborn as sns\n",
    "import plotly.express as px"
   ]
  },
  {
   "cell_type": "code",
   "execution_count": 17,
   "metadata": {
    "collapsed": false
   },
   "outputs": [
   ],
   "source": [
    "df = pd.read_csv(\"~/Project/data/emissions_clean.csv\")"
   ]
  },
  {
   "cell_type": "code",
   "execution_count": 18,
   "metadata": {
    "collapsed": false
   },
   "outputs": [
    {
     "name": "stdout",
     "output_type": "stream",
     "text": [
      "<class 'pandas.core.frame.DataFrame'>\n",
      "RangeIndex: 816 entries, 0 to 815\n",
      "Data columns (total 12 columns):\n",
      " #   Column                         Non-Null Count  Dtype  \n",
      "---  ------                         --------------  -----  \n",
      " 0   Greenhouse Gas Emissions       816 non-null    float64\n",
      " 1   Country                        816 non-null    object \n",
      " 2   Year                           816 non-null    float64\n",
      " 3   Natural Gas Production         816 non-null    float64\n",
      " 4   Crude Oil Production           816 non-null    float64\n",
      " 5   Motor Gasoline Production      816 non-null    float64\n",
      " 6   Gas Oil/Diesel Oil Production  816 non-null    float64\n",
      " 7   Hard Coal Import               816 non-null    float64\n",
      " 8   Natural Gas Import             816 non-null    float64\n",
      " 9   Crude Oil Import               816 non-null    float64\n",
      " 10  Motor Gasoline Import          816 non-null    float64\n",
      " 11  Gas Oil/Diesel Oil Import      816 non-null    float64\n",
      "dtypes: float64(11), object(1)\n",
      "memory usage: 76.6+ KB\n"
     ]
    }
   ],
   "source": [
    "df.info()"
   ]
  },
  {
   "cell_type": "code",
   "execution_count": 4,
   "metadata": {
    "collapsed": false
   },
   "outputs": [
    {
     "data": {
      "text/html": [
       "<div>\n",
       "<style scoped>\n",
       "    .dataframe tbody tr th:only-of-type {\n",
       "        vertical-align: middle;\n",
       "    }\n",
       "\n",
       "    .dataframe tbody tr th {\n",
       "        vertical-align: top;\n",
       "    }\n",
       "\n",
       "    .dataframe thead th {\n",
       "        text-align: right;\n",
       "    }\n",
       "</style>\n",
       "<table border=\"1\" class=\"dataframe\">\n",
       "  <thead>\n",
       "    <tr style=\"text-align: right;\">\n",
       "      <th></th>\n",
       "      <th>Greenhouse Gas Emissions</th>\n",
       "      <th>Country</th>\n",
       "      <th>Year</th>\n",
       "      <th>Hard Coal Production</th>\n",
       "      <th>Natural Gas Production</th>\n",
       "      <th>Crude Oil Production</th>\n",
       "      <th>Motor Gasoline Production</th>\n",
       "      <th>Gas Oil/Diesel Oil Production</th>\n",
       "      <th>Hard Coal Import</th>\n",
       "      <th>Natural Gas Import</th>\n",
       "      <th>Crude Oil Import</th>\n",
       "      <th>Motor Gasoline Import</th>\n",
       "      <th>Gas Oil/Diesel Oil Import</th>\n",
       "      <th>Hard Coal Export</th>\n",
       "      <th>Natural Gas Export</th>\n",
       "      <th>Crude Oil Export</th>\n",
       "      <th>Motor Gasoline Export</th>\n",
       "      <th>Gas Oil/Diesel Oil Export</th>\n",
       "    </tr>\n",
       "  </thead>\n",
       "  <tbody>\n",
       "    <tr>\n",
       "      <th>0</th>\n",
       "      <td>423672.224546</td>\n",
       "      <td>AUS</td>\n",
       "      <td>1990</td>\n",
       "      <td>141792.0</td>\n",
       "      <td>797340.0</td>\n",
       "      <td>25465.0</td>\n",
       "      <td>11969.0</td>\n",
       "      <td>8700.0</td>\n",
       "      <td>NaN</td>\n",
       "      <td>NaN</td>\n",
       "      <td>6039.0</td>\n",
       "      <td>1166.0</td>\n",
       "      <td>871.0</td>\n",
       "      <td>103396.0</td>\n",
       "      <td>109300.0</td>\n",
       "      <td>5348.0</td>\n",
       "      <td>153.0</td>\n",
       "      <td>619.0</td>\n",
       "    </tr>\n",
       "    <tr>\n",
       "      <th>1</th>\n",
       "      <td>423733.063876</td>\n",
       "      <td>AUS</td>\n",
       "      <td>1991</td>\n",
       "      <td>152905.0</td>\n",
       "      <td>829256.0</td>\n",
       "      <td>25432.0</td>\n",
       "      <td>12098.0</td>\n",
       "      <td>8702.0</td>\n",
       "      <td>NaN</td>\n",
       "      <td>NaN</td>\n",
       "      <td>6427.0</td>\n",
       "      <td>426.0</td>\n",
       "      <td>390.0</td>\n",
       "      <td>120183.0</td>\n",
       "      <td>185000.0</td>\n",
       "      <td>7210.0</td>\n",
       "      <td>231.0</td>\n",
       "      <td>748.0</td>\n",
       "    </tr>\n",
       "    <tr>\n",
       "      <th>2</th>\n",
       "      <td>427426.084255</td>\n",
       "      <td>AUS</td>\n",
       "      <td>1992</td>\n",
       "      <td>159616.0</td>\n",
       "      <td>902611.0</td>\n",
       "      <td>22311.0</td>\n",
       "      <td>12640.0</td>\n",
       "      <td>8794.0</td>\n",
       "      <td>NaN</td>\n",
       "      <td>NaN</td>\n",
       "      <td>7980.0</td>\n",
       "      <td>149.0</td>\n",
       "      <td>329.0</td>\n",
       "      <td>126242.0</td>\n",
       "      <td>235400.0</td>\n",
       "      <td>7035.0</td>\n",
       "      <td>507.0</td>\n",
       "      <td>702.0</td>\n",
       "    </tr>\n",
       "    <tr>\n",
       "      <th>3</th>\n",
       "      <td>428337.072227</td>\n",
       "      <td>AUS</td>\n",
       "      <td>1993</td>\n",
       "      <td>160360.0</td>\n",
       "      <td>970864.0</td>\n",
       "      <td>21836.0</td>\n",
       "      <td>13020.0</td>\n",
       "      <td>9311.0</td>\n",
       "      <td>NaN</td>\n",
       "      <td>NaN</td>\n",
       "      <td>10445.0</td>\n",
       "      <td>282.0</td>\n",
       "      <td>567.0</td>\n",
       "      <td>131752.0</td>\n",
       "      <td>276606.0</td>\n",
       "      <td>7812.0</td>\n",
       "      <td>496.0</td>\n",
       "      <td>557.0</td>\n",
       "    </tr>\n",
       "    <tr>\n",
       "      <th>4</th>\n",
       "      <td>428818.220667</td>\n",
       "      <td>AUS</td>\n",
       "      <td>1994</td>\n",
       "      <td>156324.0</td>\n",
       "      <td>1046133.0</td>\n",
       "      <td>20262.0</td>\n",
       "      <td>13023.0</td>\n",
       "      <td>9748.0</td>\n",
       "      <td>NaN</td>\n",
       "      <td>NaN</td>\n",
       "      <td>12726.0</td>\n",
       "      <td>297.0</td>\n",
       "      <td>644.0</td>\n",
       "      <td>131201.0</td>\n",
       "      <td>320737.0</td>\n",
       "      <td>7153.0</td>\n",
       "      <td>653.0</td>\n",
       "      <td>682.0</td>\n",
       "    </tr>\n",
       "  </tbody>\n",
       "</table>\n",
       "</div>"
      ],
      "text/plain": [
       "   Greenhouse Gas Emissions Country  Year  Hard Coal Production  \\\n",
       "0             423672.224546     AUS  1990              141792.0   \n",
       "1             423733.063876     AUS  1991              152905.0   \n",
       "2             427426.084255     AUS  1992              159616.0   \n",
       "3             428337.072227     AUS  1993              160360.0   \n",
       "4             428818.220667     AUS  1994              156324.0   \n",
       "\n",
       "   Natural Gas Production  Crude Oil Production  Motor Gasoline Production  \\\n",
       "0                797340.0               25465.0                    11969.0   \n",
       "1                829256.0               25432.0                    12098.0   \n",
       "2                902611.0               22311.0                    12640.0   \n",
       "3                970864.0               21836.0                    13020.0   \n",
       "4               1046133.0               20262.0                    13023.0   \n",
       "\n",
       "   Gas Oil/Diesel Oil Production  Hard Coal Import  Natural Gas Import  \\\n",
       "0                         8700.0               NaN                 NaN   \n",
       "1                         8702.0               NaN                 NaN   \n",
       "2                         8794.0               NaN                 NaN   \n",
       "3                         9311.0               NaN                 NaN   \n",
       "4                         9748.0               NaN                 NaN   \n",
       "\n",
       "   Crude Oil Import  Motor Gasoline Import  Gas Oil/Diesel Oil Import  \\\n",
       "0            6039.0                 1166.0                      871.0   \n",
       "1            6427.0                  426.0                      390.0   \n",
       "2            7980.0                  149.0                      329.0   \n",
       "3           10445.0                  282.0                      567.0   \n",
       "4           12726.0                  297.0                      644.0   \n",
       "\n",
       "   Hard Coal Export  Natural Gas Export  Crude Oil Export  \\\n",
       "0          103396.0            109300.0            5348.0   \n",
       "1          120183.0            185000.0            7210.0   \n",
       "2          126242.0            235400.0            7035.0   \n",
       "3          131752.0            276606.0            7812.0   \n",
       "4          131201.0            320737.0            7153.0   \n",
       "\n",
       "   Motor Gasoline Export  Gas Oil/Diesel Oil Export  \n",
       "0                  153.0                      619.0  \n",
       "1                  231.0                      748.0  \n",
       "2                  507.0                      702.0  \n",
       "3                  496.0                      557.0  \n",
       "4                  653.0                      682.0  "
      ]
     },
     "execution_count": 4,
     "metadata": {
     },
     "output_type": "execute_result"
    }
   ],
   "source": [
    "df.head()"
   ]
  },
  {
   "cell_type": "code",
   "execution_count": 9,
   "metadata": {
    "collapsed": false
   },
   "outputs": [
    {
     "data": {
      "text/plain": [
       "1290"
      ]
     },
     "execution_count": 9,
     "metadata": {
     },
     "output_type": "execute_result"
    }
   ],
   "source": [
    "len(df)"
   ]
  },
  {
   "cell_type": "code",
   "execution_count": 15,
   "metadata": {
    "collapsed": false
   },
   "outputs": [
    {
     "data": {
      "text/html": [
       "<div>\n",
       "<style scoped>\n",
       "    .dataframe tbody tr th:only-of-type {\n",
       "        vertical-align: middle;\n",
       "    }\n",
       "\n",
       "    .dataframe tbody tr th {\n",
       "        vertical-align: top;\n",
       "    }\n",
       "\n",
       "    .dataframe thead th {\n",
       "        text-align: right;\n",
       "    }\n",
       "</style>\n",
       "<table border=\"1\" class=\"dataframe\">\n",
       "  <thead>\n",
       "    <tr style=\"text-align: right;\">\n",
       "      <th></th>\n",
       "      <th>Greenhouse Gas Emissions</th>\n",
       "      <th>Year</th>\n",
       "      <th>Motor Gasoline Production</th>\n",
       "      <th>Gas Oil/Diesel Oil Production</th>\n",
       "      <th>Hard Coal Import</th>\n",
       "      <th>Natural Gas Import</th>\n",
       "      <th>Crude Oil Import</th>\n",
       "      <th>Motor Gasoline Import</th>\n",
       "      <th>Gas Oil/Diesel Oil Import</th>\n",
       "      <th>Motor Gasoline Export</th>\n",
       "      <th>Gas Oil/Diesel Oil Export</th>\n",
       "    </tr>\n",
       "  </thead>\n",
       "  <tbody>\n",
       "    <tr>\n",
       "      <th>0</th>\n",
       "      <td>423672.224546</td>\n",
       "      <td>1990</td>\n",
       "      <td>11969.0</td>\n",
       "      <td>8700.0</td>\n",
       "      <td>NaN</td>\n",
       "      <td>NaN</td>\n",
       "      <td>6039.0</td>\n",
       "      <td>1166.0</td>\n",
       "      <td>871.0</td>\n",
       "      <td>153.0</td>\n",
       "      <td>619.0</td>\n",
       "    </tr>\n",
       "    <tr>\n",
       "      <th>1</th>\n",
       "      <td>423733.063876</td>\n",
       "      <td>1991</td>\n",
       "      <td>12098.0</td>\n",
       "      <td>8702.0</td>\n",
       "      <td>NaN</td>\n",
       "      <td>NaN</td>\n",
       "      <td>6427.0</td>\n",
       "      <td>426.0</td>\n",
       "      <td>390.0</td>\n",
       "      <td>231.0</td>\n",
       "      <td>748.0</td>\n",
       "    </tr>\n",
       "    <tr>\n",
       "      <th>2</th>\n",
       "      <td>427426.084255</td>\n",
       "      <td>1992</td>\n",
       "      <td>12640.0</td>\n",
       "      <td>8794.0</td>\n",
       "      <td>NaN</td>\n",
       "      <td>NaN</td>\n",
       "      <td>7980.0</td>\n",
       "      <td>149.0</td>\n",
       "      <td>329.0</td>\n",
       "      <td>507.0</td>\n",
       "      <td>702.0</td>\n",
       "    </tr>\n",
       "    <tr>\n",
       "      <th>3</th>\n",
       "      <td>428337.072227</td>\n",
       "      <td>1993</td>\n",
       "      <td>13020.0</td>\n",
       "      <td>9311.0</td>\n",
       "      <td>NaN</td>\n",
       "      <td>NaN</td>\n",
       "      <td>10445.0</td>\n",
       "      <td>282.0</td>\n",
       "      <td>567.0</td>\n",
       "      <td>496.0</td>\n",
       "      <td>557.0</td>\n",
       "    </tr>\n",
       "    <tr>\n",
       "      <th>4</th>\n",
       "      <td>428818.220667</td>\n",
       "      <td>1994</td>\n",
       "      <td>13023.0</td>\n",
       "      <td>9748.0</td>\n",
       "      <td>NaN</td>\n",
       "      <td>NaN</td>\n",
       "      <td>12726.0</td>\n",
       "      <td>297.0</td>\n",
       "      <td>644.0</td>\n",
       "      <td>653.0</td>\n",
       "      <td>682.0</td>\n",
       "    </tr>\n",
       "  </tbody>\n",
       "</table>\n",
       "</div>"
      ],
      "text/plain": [
       "   Greenhouse Gas Emissions  Year  Motor Gasoline Production  \\\n",
       "0             423672.224546  1990                    11969.0   \n",
       "1             423733.063876  1991                    12098.0   \n",
       "2             427426.084255  1992                    12640.0   \n",
       "3             428337.072227  1993                    13020.0   \n",
       "4             428818.220667  1994                    13023.0   \n",
       "\n",
       "   Gas Oil/Diesel Oil Production  Hard Coal Import  Natural Gas Import  \\\n",
       "0                         8700.0               NaN                 NaN   \n",
       "1                         8702.0               NaN                 NaN   \n",
       "2                         8794.0               NaN                 NaN   \n",
       "3                         9311.0               NaN                 NaN   \n",
       "4                         9748.0               NaN                 NaN   \n",
       "\n",
       "   Crude Oil Import  Motor Gasoline Import  Gas Oil/Diesel Oil Import  \\\n",
       "0            6039.0                 1166.0                      871.0   \n",
       "1            6427.0                  426.0                      390.0   \n",
       "2            7980.0                  149.0                      329.0   \n",
       "3           10445.0                  282.0                      567.0   \n",
       "4           12726.0                  297.0                      644.0   \n",
       "\n",
       "   Motor Gasoline Export  Gas Oil/Diesel Oil Export  \n",
       "0                  153.0                      619.0  \n",
       "1                  231.0                      748.0  \n",
       "2                  507.0                      702.0  \n",
       "3                  496.0                      557.0  \n",
       "4                  653.0                      682.0  "
      ]
     },
     "execution_count": 15,
     "metadata": {
     },
     "output_type": "execute_result"
    }
   ],
   "source": [
    "columns_to_remove = ['Hard Coal Export', 'Natural Gas Export', \"Crude Oil Export\", 'Hard Coal Production' , 'Natural Gas Production' , \"Crude Oil Production\", \"Unnamed: 0\"]\n",
    "df.drop(columns_to_remove, axis = 1, inplace = True)\n",
    "df.head()"
   ]
  },
  {
   "cell_type": "code",
   "execution_count": 19,
   "metadata": {
    "collapsed": false
   },
   "outputs": [
    {
     "data": {
      "text/html": "<html>\n<head><meta charset=\"utf-8\" /></head>\n<body>\n    <div>            <script src=\"https://cdnjs.cloudflare.com/ajax/libs/mathjax/2.7.5/MathJax.js?config=TeX-AMS-MML_SVG\"></script><script type=\"text/javascript\">if (window.MathJax) {MathJax.Hub.Config({SVG: {font: \"STIX-Web\"}});}</script>                <script type=\"text/javascript\">window.PlotlyConfig = {MathJaxConfig: 'local'};</script>\n        <script src=\"https://cdn.plot.ly/plotly-2.9.0.min.js\"></script>                <div id=\"cd7d1278-8a9e-4859-8e25-e77d1f0a26e4\" class=\"plotly-graph-div\" style=\"height:650px; width:650px;\"></div>            <script type=\"text/javascript\">                                    window.PLOTLYENV=window.PLOTLYENV || {};                                    if (document.getElementById(\"cd7d1278-8a9e-4859-8e25-e77d1f0a26e4\")) {                    Plotly.newPlot(                        \"cd7d1278-8a9e-4859-8e25-e77d1f0a26e4\",                        [{\"coloraxis\":\"coloraxis\",\"name\":\"0\",\"x\":[\"Greenhouse Gas Emissions\",\"Year\",\"Natural Gas Production\",\"Crude Oil Production\",\"Motor Gasoline Production\",\"Gas Oil/Diesel Oil Production\",\"Hard Coal Import\",\"Natural Gas Import\",\"Crude Oil Import\",\"Motor Gasoline Import\",\"Gas Oil/Diesel Oil Import\"],\"y\":[\"Greenhouse Gas Emissions\",\"Year\",\"Natural Gas Production\",\"Crude Oil Production\",\"Motor Gasoline Production\",\"Gas Oil/Diesel Oil Production\",\"Hard Coal Import\",\"Natural Gas Import\",\"Crude Oil Import\",\"Motor Gasoline Import\",\"Gas Oil/Diesel Oil Import\"],\"z\":[[1.0,-0.01055667822985672,0.8003219937950795,0.7315129626752336,0.9759881634467875,0.9712563990824928,0.19109246507309322,0.6108278629452326,0.9141357006165266,0.8539116749580751,0.28975095361209624],[-0.01055667822985672,1.0,0.04670071272003142,0.05201395874243824,0.0026285150742816274,0.04457734404657487,0.047922382200579296,0.11218172589447103,-0.0048508065642460674,0.06577961329689333,0.21958665221857446],[0.8003219937950795,0.04670071272003142,1.0,0.9683393064151194,0.7241322975949033,0.8011069512882512,0.020085319533299582,0.24946057131812097,0.5540579126475725,0.6063182698055034,0.10958396389853216],[0.7315129626752336,0.05201395874243824,0.9683393064151194,1.0,0.6466008129118683,0.7358804478605545,0.024034659040844727,0.19239917831721123,0.4640304140020498,0.4960806229281625,0.051548884840366155],[0.9759881634467875,0.0026285150742816274,0.7241322975949033,0.6466008129118683,1.0,0.9523535450279773,0.10732732893213115,0.5688553484957508,0.9239329170834617,0.8916132203897038,0.2753269397881694],[0.9712563990824928,0.04457734404657487,0.8011069512882512,0.7358804478605545,0.9523535450279773,1.0,0.2626583267457533,0.6457869618948189,0.9226382853376023,0.8650233504328637,0.34622389812193805],[0.19109246507309322,0.047922382200579296,0.020085319533299582,0.024034659040844727,0.10732732893213115,0.2626583267457533,1.0,0.6282849544829007,0.3823967259866772,0.03519578868726233,0.0910012087328832],[0.6108278629452326,0.11218172589447103,0.24946057131812097,0.19239917831721123,0.5688553484957508,0.6457869618948189,0.6282849544829007,1.0,0.7462880422082877,0.5624391541897666,0.5049815336882872],[0.9141357006165266,-0.0048508065642460674,0.5540579126475725,0.4640304140020498,0.9239329170834617,0.9226382853376023,0.3823967259866772,0.7462880422082877,1.0,0.8559058060657354,0.3748954723557363],[0.8539116749580751,0.06577961329689333,0.6063182698055034,0.4960806229281625,0.8916132203897038,0.8650233504328637,0.03519578868726233,0.5624391541897666,0.8559058060657354,1.0,0.44608720480398706],[0.28975095361209624,0.21958665221857446,0.10958396389853216,0.051548884840366155,0.2753269397881694,0.34622389812193805,0.0910012087328832,0.5049815336882872,0.3748954723557363,0.44608720480398706,1.0]],\"type\":\"heatmap\",\"xaxis\":\"x\",\"yaxis\":\"y\",\"hovertemplate\":\"x: %{x}<br>y: %{y}<br>color: %{z}<extra></extra>\"}],                        {\"template\":{\"data\":{\"bar\":[{\"error_x\":{\"color\":\"#2a3f5f\"},\"error_y\":{\"color\":\"#2a3f5f\"},\"marker\":{\"line\":{\"color\":\"#E5ECF6\",\"width\":0.5},\"pattern\":{\"fillmode\":\"overlay\",\"size\":10,\"solidity\":0.2}},\"type\":\"bar\"}],\"barpolar\":[{\"marker\":{\"line\":{\"color\":\"#E5ECF6\",\"width\":0.5},\"pattern\":{\"fillmode\":\"overlay\",\"size\":10,\"solidity\":0.2}},\"type\":\"barpolar\"}],\"carpet\":[{\"aaxis\":{\"endlinecolor\":\"#2a3f5f\",\"gridcolor\":\"white\",\"linecolor\":\"white\",\"minorgridcolor\":\"white\",\"startlinecolor\":\"#2a3f5f\"},\"baxis\":{\"endlinecolor\":\"#2a3f5f\",\"gridcolor\":\"white\",\"linecolor\":\"white\",\"minorgridcolor\":\"white\",\"startlinecolor\":\"#2a3f5f\"},\"type\":\"carpet\"}],\"choropleth\":[{\"colorbar\":{\"outlinewidth\":0,\"ticks\":\"\"},\"type\":\"choropleth\"}],\"contour\":[{\"colorbar\":{\"outlinewidth\":0,\"ticks\":\"\"},\"colorscale\":[[0.0,\"#0d0887\"],[0.1111111111111111,\"#46039f\"],[0.2222222222222222,\"#7201a8\"],[0.3333333333333333,\"#9c179e\"],[0.4444444444444444,\"#bd3786\"],[0.5555555555555556,\"#d8576b\"],[0.6666666666666666,\"#ed7953\"],[0.7777777777777778,\"#fb9f3a\"],[0.8888888888888888,\"#fdca26\"],[1.0,\"#f0f921\"]],\"type\":\"contour\"}],\"contourcarpet\":[{\"colorbar\":{\"outlinewidth\":0,\"ticks\":\"\"},\"type\":\"contourcarpet\"}],\"heatmap\":[{\"colorbar\":{\"outlinewidth\":0,\"ticks\":\"\"},\"colorscale\":[[0.0,\"#0d0887\"],[0.1111111111111111,\"#46039f\"],[0.2222222222222222,\"#7201a8\"],[0.3333333333333333,\"#9c179e\"],[0.4444444444444444,\"#bd3786\"],[0.5555555555555556,\"#d8576b\"],[0.6666666666666666,\"#ed7953\"],[0.7777777777777778,\"#fb9f3a\"],[0.8888888888888888,\"#fdca26\"],[1.0,\"#f0f921\"]],\"type\":\"heatmap\"}],\"heatmapgl\":[{\"colorbar\":{\"outlinewidth\":0,\"ticks\":\"\"},\"colorscale\":[[0.0,\"#0d0887\"],[0.1111111111111111,\"#46039f\"],[0.2222222222222222,\"#7201a8\"],[0.3333333333333333,\"#9c179e\"],[0.4444444444444444,\"#bd3786\"],[0.5555555555555556,\"#d8576b\"],[0.6666666666666666,\"#ed7953\"],[0.7777777777777778,\"#fb9f3a\"],[0.8888888888888888,\"#fdca26\"],[1.0,\"#f0f921\"]],\"type\":\"heatmapgl\"}],\"histogram\":[{\"marker\":{\"pattern\":{\"fillmode\":\"overlay\",\"size\":10,\"solidity\":0.2}},\"type\":\"histogram\"}],\"histogram2d\":[{\"colorbar\":{\"outlinewidth\":0,\"ticks\":\"\"},\"colorscale\":[[0.0,\"#0d0887\"],[0.1111111111111111,\"#46039f\"],[0.2222222222222222,\"#7201a8\"],[0.3333333333333333,\"#9c179e\"],[0.4444444444444444,\"#bd3786\"],[0.5555555555555556,\"#d8576b\"],[0.6666666666666666,\"#ed7953\"],[0.7777777777777778,\"#fb9f3a\"],[0.8888888888888888,\"#fdca26\"],[1.0,\"#f0f921\"]],\"type\":\"histogram2d\"}],\"histogram2dcontour\":[{\"colorbar\":{\"outlinewidth\":0,\"ticks\":\"\"},\"colorscale\":[[0.0,\"#0d0887\"],[0.1111111111111111,\"#46039f\"],[0.2222222222222222,\"#7201a8\"],[0.3333333333333333,\"#9c179e\"],[0.4444444444444444,\"#bd3786\"],[0.5555555555555556,\"#d8576b\"],[0.6666666666666666,\"#ed7953\"],[0.7777777777777778,\"#fb9f3a\"],[0.8888888888888888,\"#fdca26\"],[1.0,\"#f0f921\"]],\"type\":\"histogram2dcontour\"}],\"mesh3d\":[{\"colorbar\":{\"outlinewidth\":0,\"ticks\":\"\"},\"type\":\"mesh3d\"}],\"parcoords\":[{\"line\":{\"colorbar\":{\"outlinewidth\":0,\"ticks\":\"\"}},\"type\":\"parcoords\"}],\"pie\":[{\"automargin\":true,\"type\":\"pie\"}],\"scatter\":[{\"marker\":{\"colorbar\":{\"outlinewidth\":0,\"ticks\":\"\"}},\"type\":\"scatter\"}],\"scatter3d\":[{\"line\":{\"colorbar\":{\"outlinewidth\":0,\"ticks\":\"\"}},\"marker\":{\"colorbar\":{\"outlinewidth\":0,\"ticks\":\"\"}},\"type\":\"scatter3d\"}],\"scattercarpet\":[{\"marker\":{\"colorbar\":{\"outlinewidth\":0,\"ticks\":\"\"}},\"type\":\"scattercarpet\"}],\"scattergeo\":[{\"marker\":{\"colorbar\":{\"outlinewidth\":0,\"ticks\":\"\"}},\"type\":\"scattergeo\"}],\"scattergl\":[{\"marker\":{\"colorbar\":{\"outlinewidth\":0,\"ticks\":\"\"}},\"type\":\"scattergl\"}],\"scattermapbox\":[{\"marker\":{\"colorbar\":{\"outlinewidth\":0,\"ticks\":\"\"}},\"type\":\"scattermapbox\"}],\"scatterpolar\":[{\"marker\":{\"colorbar\":{\"outlinewidth\":0,\"ticks\":\"\"}},\"type\":\"scatterpolar\"}],\"scatterpolargl\":[{\"marker\":{\"colorbar\":{\"outlinewidth\":0,\"ticks\":\"\"}},\"type\":\"scatterpolargl\"}],\"scatterternary\":[{\"marker\":{\"colorbar\":{\"outlinewidth\":0,\"ticks\":\"\"}},\"type\":\"scatterternary\"}],\"surface\":[{\"colorbar\":{\"outlinewidth\":0,\"ticks\":\"\"},\"colorscale\":[[0.0,\"#0d0887\"],[0.1111111111111111,\"#46039f\"],[0.2222222222222222,\"#7201a8\"],[0.3333333333333333,\"#9c179e\"],[0.4444444444444444,\"#bd3786\"],[0.5555555555555556,\"#d8576b\"],[0.6666666666666666,\"#ed7953\"],[0.7777777777777778,\"#fb9f3a\"],[0.8888888888888888,\"#fdca26\"],[1.0,\"#f0f921\"]],\"type\":\"surface\"}],\"table\":[{\"cells\":{\"fill\":{\"color\":\"#EBF0F8\"},\"line\":{\"color\":\"white\"}},\"header\":{\"fill\":{\"color\":\"#C8D4E3\"},\"line\":{\"color\":\"white\"}},\"type\":\"table\"}]},\"layout\":{\"annotationdefaults\":{\"arrowcolor\":\"#2a3f5f\",\"arrowhead\":0,\"arrowwidth\":1},\"autotypenumbers\":\"strict\",\"coloraxis\":{\"colorbar\":{\"outlinewidth\":0,\"ticks\":\"\"}},\"colorscale\":{\"diverging\":[[0,\"#8e0152\"],[0.1,\"#c51b7d\"],[0.2,\"#de77ae\"],[0.3,\"#f1b6da\"],[0.4,\"#fde0ef\"],[0.5,\"#f7f7f7\"],[0.6,\"#e6f5d0\"],[0.7,\"#b8e186\"],[0.8,\"#7fbc41\"],[0.9,\"#4d9221\"],[1,\"#276419\"]],\"sequential\":[[0.0,\"#0d0887\"],[0.1111111111111111,\"#46039f\"],[0.2222222222222222,\"#7201a8\"],[0.3333333333333333,\"#9c179e\"],[0.4444444444444444,\"#bd3786\"],[0.5555555555555556,\"#d8576b\"],[0.6666666666666666,\"#ed7953\"],[0.7777777777777778,\"#fb9f3a\"],[0.8888888888888888,\"#fdca26\"],[1.0,\"#f0f921\"]],\"sequentialminus\":[[0.0,\"#0d0887\"],[0.1111111111111111,\"#46039f\"],[0.2222222222222222,\"#7201a8\"],[0.3333333333333333,\"#9c179e\"],[0.4444444444444444,\"#bd3786\"],[0.5555555555555556,\"#d8576b\"],[0.6666666666666666,\"#ed7953\"],[0.7777777777777778,\"#fb9f3a\"],[0.8888888888888888,\"#fdca26\"],[1.0,\"#f0f921\"]]},\"colorway\":[\"#636efa\",\"#EF553B\",\"#00cc96\",\"#ab63fa\",\"#FFA15A\",\"#19d3f3\",\"#FF6692\",\"#B6E880\",\"#FF97FF\",\"#FECB52\"],\"font\":{\"color\":\"#2a3f5f\"},\"geo\":{\"bgcolor\":\"white\",\"lakecolor\":\"white\",\"landcolor\":\"#E5ECF6\",\"showlakes\":true,\"showland\":true,\"subunitcolor\":\"white\"},\"hoverlabel\":{\"align\":\"left\"},\"hovermode\":\"closest\",\"mapbox\":{\"style\":\"light\"},\"paper_bgcolor\":\"white\",\"plot_bgcolor\":\"#E5ECF6\",\"polar\":{\"angularaxis\":{\"gridcolor\":\"white\",\"linecolor\":\"white\",\"ticks\":\"\"},\"bgcolor\":\"#E5ECF6\",\"radialaxis\":{\"gridcolor\":\"white\",\"linecolor\":\"white\",\"ticks\":\"\"}},\"scene\":{\"xaxis\":{\"backgroundcolor\":\"#E5ECF6\",\"gridcolor\":\"white\",\"gridwidth\":2,\"linecolor\":\"white\",\"showbackground\":true,\"ticks\":\"\",\"zerolinecolor\":\"white\"},\"yaxis\":{\"backgroundcolor\":\"#E5ECF6\",\"gridcolor\":\"white\",\"gridwidth\":2,\"linecolor\":\"white\",\"showbackground\":true,\"ticks\":\"\",\"zerolinecolor\":\"white\"},\"zaxis\":{\"backgroundcolor\":\"#E5ECF6\",\"gridcolor\":\"white\",\"gridwidth\":2,\"linecolor\":\"white\",\"showbackground\":true,\"ticks\":\"\",\"zerolinecolor\":\"white\"}},\"shapedefaults\":{\"line\":{\"color\":\"#2a3f5f\"}},\"ternary\":{\"aaxis\":{\"gridcolor\":\"white\",\"linecolor\":\"white\",\"ticks\":\"\"},\"baxis\":{\"gridcolor\":\"white\",\"linecolor\":\"white\",\"ticks\":\"\"},\"bgcolor\":\"#E5ECF6\",\"caxis\":{\"gridcolor\":\"white\",\"linecolor\":\"white\",\"ticks\":\"\"}},\"title\":{\"x\":0.05},\"xaxis\":{\"automargin\":true,\"gridcolor\":\"white\",\"linecolor\":\"white\",\"ticks\":\"\",\"title\":{\"standoff\":15},\"zerolinecolor\":\"white\",\"zerolinewidth\":2},\"yaxis\":{\"automargin\":true,\"gridcolor\":\"white\",\"linecolor\":\"white\",\"ticks\":\"\",\"title\":{\"standoff\":15},\"zerolinecolor\":\"white\",\"zerolinewidth\":2}}},\"xaxis\":{\"anchor\":\"y\",\"domain\":[0.0,1.0],\"scaleanchor\":\"y\",\"constrain\":\"domain\",\"tickangle\":-45},\"yaxis\":{\"anchor\":\"x\",\"domain\":[0.0,1.0],\"autorange\":\"reversed\",\"constrain\":\"domain\"},\"coloraxis\":{\"colorscale\":[[0.0,\"#0d0887\"],[0.1111111111111111,\"#46039f\"],[0.2222222222222222,\"#7201a8\"],[0.3333333333333333,\"#9c179e\"],[0.4444444444444444,\"#bd3786\"],[0.5555555555555556,\"#d8576b\"],[0.6666666666666666,\"#ed7953\"],[0.7777777777777778,\"#fb9f3a\"],[0.8888888888888888,\"#fdca26\"],[1.0,\"#f0f921\"]]},\"title\":{\"text\":\"Correlation Matrix\"},\"height\":650,\"width\":650},                        {\"responsive\": true}                    ).then(function(){\n                            \nvar gd = document.getElementById('cd7d1278-8a9e-4859-8e25-e77d1f0a26e4');\nvar x = new MutationObserver(function (mutations, observer) {{\n        var display = window.getComputedStyle(gd).display;\n        if (!display || display === 'none') {{\n            console.log([gd, 'removed!']);\n            Plotly.purge(gd);\n            observer.disconnect();\n        }}\n}});\n\n// Listen for the removal of the full notebook cells\nvar notebookContainer = gd.closest('#notebook-container');\nif (notebookContainer) {{\n    x.observe(notebookContainer, {childList: true});\n}}\n\n// Listen for the clearing of the current output cell\nvar outputEl = gd.closest('.output');\nif (outputEl) {{\n    x.observe(outputEl, {childList: true});\n}}\n\n                        })                };                            </script>        </div>\n</body>\n</html>"
     },
     "execution_count": 19,
     "metadata": {
     },
     "output_type": "execute_result"
    }
   ],
   "source": [
    "# Show correlation matrix\n",
    "fig = px.imshow(df.corr(),title=\"Correlation Matrix\",width=650,height=650)\n",
    "fig.update_xaxes(tickangle=-45)"
   ]
  },
  {
   "cell_type": "code",
   "execution_count": 6,
   "metadata": {
    "collapsed": false
   },
   "outputs": [
    {
     "data": {
